1	0	3.5404750225846118	0.0
2	0	3.5404750225846118	0.0
3	0	3.5404750225846118	0.0
4	0	3.5404750225846118	0.0
5	0	3.5404750225846118	0.0
6	0	3.5404750225846118	0.0
7	0	3.5404750225846118	0.0
8	0	3.5404750225846118	0.0
9	0	3.5404750225846118	0.0
10	0	3.5404750225846118	0.0
11	0	3.5404750225846118	0.0
12	0	3.5404750225846118	0.0
13	0	3.539371981775849	0.0
14	0	7.161095310611499	0.25
15	0	3.4643652067799997	0.0
16	0	3.0231488832749998	0.0
17	0	3.0231488832749998	0.0
18	0	0.8170672657499999	0.0
19	0	0.8170672657499999	0.0
23	0	0.8170672657499999	0.0
24	0	3.0231488832749998	0.0
25	0	0.8170672657499999	0.0
26	0	0.8170672657499999	0.0
31	1	1.2894300665702647	0.5
32	0	0.8170672657499999	0.0
35	0	3.0231488832749998	0.0
36	0	0.8170672657499999	0.0
39	0	1.7341345314999999	0.25
47	0	0.8170672657499999	0.0
51	1	1.8341441547179225	0.5
56	0	0.8170672657499999	0.0
57	1	0.6447153483309572	0.25
58	1	0.5447147182393075	0.0
59	1	1.2894299284218282	0.5
60	1	0.5447147182393075	0.0
61	0	0.8170672657499999	0.0
62	1	0.5447147182393075	0.0
63	0	3.0231488832749998	0.0
64	0	0.8170672657499999	0.0
65	0	0.8170672657499999	0.0
66	0	0.8170672657499999	0.0
70	1	1.3894300665702648	0.75
71	1	1.2894300665702647	0.5
72	0	3.0231488832749998	0.0
73	0	0.8170672657499999	0.0
74	0	0.8170672657499999	0.0
76	0	0.8170672657499999	0.0
77	0	1.7341345314999999	0.25
81	0	0.8170672657499999	0.0
85	0	0.8170672657499999	0.0
87	0	0.8170672657499999	0.0
88	0	0.8170672657499999	0.0
90	0	0.8170672657499999	0.0
93	0	0.8170672657499999	0.0
96	0	0.8170672657499999	0.0
101	0	1.7341345314999999	0.25
105	0	0.8170672657499999	0.0
106	0	0.8170672657499999	0.0
107	1	0.5447147182393075	0.0
108	1	0.6447153483309572	0.25
109	1	0.5447146553424583	0.0
110	0	0.8170672657499999	0.0
115	0	0.8170672657499999	0.0
118	0	0.8170672657499999	0.0
120	0	0.8170672657499999	0.0
122	0	0.8170672657499999	0.0
127	0	0.8170672657499999	0.0
129	0	0.8170672657499999	0.0
134	1	0.5447147182393075	0.0
135	1	0.5447147182393075	0.0
136	1	0.6447153483309572	0.25
137	1	0.5447147182393075	0.0
138	0	3.0231488832749998	0.0
139	0	0.8170672657499999	0.0
141	1	0.5447146553424583	0.0
142	1	0.5447147182393075	0.0
143	0	0.8170672657499999	0.0
144	0	0.8170672657499999	0.0
149	0	0.8170672657499999	0.0
151	0	0.8170672657499999	0.0
154	0	0.8170672657499999	0.0
155	0	0.8170672657499999	0.0
158	0	0.8170672657499999	0.0
159	1	0.5447147182393075	0.0
161	0	3.4643652067799997	0.0
162	0	3.0231488832749998	0.0
163	0	3.0231488832749998	0.0
164	1	0.5447147182393075	0.0
165	1	0.5447147182393075	0.0
166	1	0.5447147182393075	0.0
167	1	0.5447147182393075	0.0
168	1	0.5447147182393075	0.0
169	1	0.5447147182393075	0.0
170	1	0.5447147182393075	0.0
171	1	0.5447147182393075	0.0
172	1	0.6447146553424583	0.25
173	1	1.1894293106849168	0.25
174	0	3.4643652067799997	0.0
175	0	3.0231488832749998	0.0
176	1	0.5447147182393075	0.0
177	1	0.5447145948647187	0.0
178	0	0.8170672657499999	0.0
181	1	0.6447153483309572	0.25
182	1	0.5447147182393075	0.0
183	0	3.4643652067799997	0.0
184	0	3.4643652067799997	0.0
185	0	3.0231488832749998	0.0
186	0	3.0231488832749998	0.0
187	0	3.0231488832749998	0.0
188	0	3.0231488832749998	0.0
189	0	0.8170672657499999	0.0
191	0	0.8170672657499999	0.0
193	0	0.8170672657499999	0.0
195	1	0.5447147182393075	0.0
196	0	1.7341345314999999	0.25
202	0	0.8170672657499999	0.0
204	0	0.8170672657499999	0.0
207	0	0.8170672657499999	0.0
209	1	0.5447145948647187	0.0
210	0	0.8170672657499999	0.0
211	0	0.8170672657499999	0.0
219	0	1.7341345314999999	0.25
223	0	0.8170672657499999	0.0
225	0	1.7341345314999999	0.25
231	0	0.8170672657499999	0.0
233	0	0.8170672657499999	0.0
237	0	0.8170672657499999	0.0
239	0	0.8170672657499999	0.0
241	0	3.0231488832749998	0.0
242	0	0.8170672657499999	0.0
243	0	1.7341345314999999	0.25
246	0	0.8170672657499999	0.0
248	0	0.8170672657499999	0.0
249	0	0.8170672657499999	0.0
253	0	0.8170672657499999	0.0
257	0	0.8170672657499999	0.0
262	0	0.8170672657499999	0.0
263	1	1.1894293106849168	0.25
264	0	0.8170672657499999	0.0
266	0	0.8170672657499999	0.0
270	0	0.8170672657499999	0.0
271	0	0.8170672657499999	0.0
273	0	0.8170672657499999	0.0
275	0	0.8170672657499999	0.0
277	0	0.8170672657499999	0.0
279	0	0.8170672657499999	0.0
283	0	0.8170672657499999	0.0
284	0	0.8170672657499999	0.0
289	0	2.6512017972499997	0.5
296	0	0.8170672657499999	0.0
301	0	1.7341345314999999	0.25
311	1	0.6447152730793698	0.25
312	1	1.189429436478615	0.25
313	1	0.5447147182393075	0.0
314	1	0.5447147182393075	0.0
315	1	0.5447146553424583	0.0
316	1	1.189429436478615	0.25
317	0	0.8170672657499999	0.0
321	0	0.8170672657499999	0.0
323	0	0.8170672657499999	0.0
326	0	3.0231488832749998	0.0
327	0	3.0231488832749998	0.0
328	0	0.8170672657499999	0.0
330	0	3.0231488832749998	0.0
331	0	3.0231488832749998	0.0
332	1	1.189429436478615	0.25
333	1	0.5447146553424583	0.0
334	1	0.6447147182393075	0.25
335	0	3.0231488832749998	0.0
336	0	0.8170672657499999	0.0
338	0	0.8170672657499999	0.0
339	0	1.7341345314999999	0.25
343	0	0.8170672657499999	0.0
345	0	0.8170672657499999	0.0
347	0	0.8170672657499999	0.0
350	1	0.6447147182393075	0.25
351	1	0.6447153483309572	0.25
352	0	0.8170672657499999	0.0
355	0	0.8170672657499999	0.0
359	0	3.0231488832749998	0.0
360	0	3.0231488832749998	0.0
361	0	3.0231488832749998	0.0
362	0	0.8170672657499999	0.0
364	0	3.0231488832749998	0.0
365	0	0.8170672657499999	0.0
367	0	0.8170672657499999	0.0
370	0	0.8170672657499999	0.0
373	0	0.8170672657499999	0.0
377	0	0.8170672657499999	0.0
382	0	0.8170672657499999	0.0
385	0	0.8170672657499999	0.0
386	0	0.8170672657499999	0.0
390	0	3.0231488832749998	0.0
391	0	0.8170672657499999	0.0
393	0	0.8170672657499999	0.0
394	0	0.8170672657499999	0.0
397	0	3.0231488832749998	0.0
398	0	0.8170672657499999	0.0
400	0	0.8170672657499999	0.0
402	1	0.5447146553424583	0.0
403	0	0.8170672657499999	0.0
404	0	0.8170672657499999	0.0
本地 = 76.24%	云端 = 23.76%	自组织 = 0.00%
totalfsch = 9.25	totalcost = 282.8961100403708
Averagefsch = 0.04579207920792079	Averagecost = 140.04757922790634
