5
0	18.15705035	2	8	100
1	18.15705035	2	8	100
2	18.15705035	2	8	100
3	18.15705035	2	8	100
4	18.15705035	2	8	100
5	18.15705035	2	8	100
6	18.15705035	2	8	100
7	18.15705035	2	8	100
8	18.15705035	2	8	100
9	18.15705035	2	8	100
10	18.15705035	2	8	100
11	18.15705035	2	8	100
12	18.15705035	2	8	100
13	18.15705035	2	8	100
14	18.15705035	2	8	100
15	18.15705035	2	8	100
16	18.15705035	2	8	100
17	18.15705035	2	8	100
18	18.15705035	2	8	100
19	18.15705035	2	8	100
20	18.15705035	2	8	100
21	18.15705035	2	8	100
22	18.15705035	2	8	100
23	18.15705035	2	8	100
24	18.15705035	2	8	100
25	18.15705035	2	8	100
26	18.15705035	2	8	100
27	18.15705035	2	8	100
28	18.15705035	2	8	100
29	18.15705035	2	8	100
30	18.15705035	2	8	100
31	18.15705035	2	8	100
32	18.15705035	2	8	100
33	18.15705035	2	8	100
34	18.15705035	2	8	100
35	18.15705035	2	8	100
36	18.15705035	2	8	100
37	18.15705035	2	8	100
38	18.15705035	2	8	100
39	18.15705035	2	8	100
40	18.15705035	2	8	100
41	18.15705035	2	8	100
42	18.15705035	2	8	100
43	18.15705035	2	8	100
44	18.15705035	2	8	100
45	18.15705035	2	8	100
46	18.15705035	2	8	100
47	18.15705035	2	8	100
48	18.15705035	2	8	100
49	18.15705035	2	8	100
50	18.15705035	2	8	100
51	18.15705035	2	8	100
52	18.15705035	2	8	100
53	18.15705035	2	8	100
54	18.15705035	2	8	100
55	18.15705035	2	8	100
56	18.15705035	2	8	100
57	18.15705035	2	8	100
58	18.15705035	2	8	100
59	18.15705035	2	8	100
60	18.15705035	2	8	100
61	18.15705035	2	8	100
62	18.15705035	2	8	100
63	18.15705035	2	8	100
64	18.15705035	2	8	100
65	18.15705035	2	8	100
66	18.15705035	2	8	100
67	18.15705035	2	8	100
68	18.15705035	2	8	100
69	18.15705035	2	8	100
70	18.15705035	2	8	100
71	18.15705035	2	8	100
72	18.15705035	2	8	100
73	18.15705035	2	8	100
74	18.15705035	2	8	100
75	18.15705035	2	8	100
76	18.15705035	2	8	100
77	18.15705035	2	8	100
78	18.15705035	2	8	100
79	18.15705035	2	8	100
80	18.15705035	2	8	100
81	18.15705035	2	8	100
82	18.15705035	2	8	100
83	18.15705035	2	8	100
84	18.15705035	2	8	100
85	18.15705035	2	8	100
86	18.15705035	2	8	100
87	18.15705035	2	8	100
88	18.15705035	2	8	100
89	18.15705035	2	8	100
90	18.15705035	2	8	100
91	18.15705035	2	8	100
92	18.15705035	2	8	100
93	18.15705035	2	8	100
94	18.15705035	2	8	100
95	18.15705035	2	8	100
96	18.15705035	2	8	100
97	18.15705035	2	8	100
98	18.15705035	2	8	100
99	18.15705035	2	8	100
100	18.15705035	2	8	100
101	18.15705035	2	8	100
102	18.15705035	2	8	100
103	18.15705035	2	8	100
104	18.15705035	2	8	100
105	18.15705035	2	8	100
106	18.15705035	2	8	100
107	18.15705035	2	8	100
108	18.15705035	2	8	100
109	18.15705035	2	8	100
110	18.15705035	2	8	100
111	18.15705035	2	8	100
112	18.15705035	2	8	100
113	18.15705035	2	8	100
114	18.15705035	2	8	100
115	18.15705035	2	8	100
116	18.15705035	2	8	100
117	18.15705035	2	8	100
118	18.15705035	2	8	100
119	18.15705035	2	8	100
120	18.15705035	2	8	100
121	18.15705035	2	8	100
122	18.15705035	2	8	100
123	18.15705035	2	8	100
124	18.15705035	2	8	100
125	18.15705035	2	8	100
126	18.15705035	2	8	100
127	18.15705035	2	8	100
128	18.15705035	2	8	100
129	18.15705035	2	8	100
130	18.15705035	2	8	100
131	18.15705035	2	8	100
132	18.15705035	2	8	100
133	18.15705035	2	8	100
134	18.15705035	2	8	100
135	18.15705035	2	8	100
136	18.15705035	2	8	100
137	18.15705035	2	8	100
138	18.15705035	2	8	100
139	18.15705035	2	8	100
140	18.15705035	2	8	100
141	18.15705035	2	8	100
142	18.15705035	2	8	100
143	18.15705035	2	8	100
144	18.15705035	2	8	100
145	18.15705035	2	8	100
146	18.15705035	2	8	100
147	18.15705035	2	8	100
148	18.15705035	2	8	100
149	18.15705035	2	8	100
150	18.15705035	2	8	100
151	18.15705035	2	8	100
152	18.15705035	2	8	100
153	18.15705035	2	8	100
154	18.15705035	2	8	100
155	18.15705035	2	8	100
156	18.15705035	2	8	100
157	18.15705035	2	8	100
158	18.15705035	2	8	100
159	18.15705035	2	8	100
160	18.15705035	2	8	100
161	18.15705035	2	8	100
162	18.15705035	2	8	100
163	18.15705035	2	8	100
164	18.15705035	2	8	100
165	18.15705035	2	8	100
166	18.15705035	2	8	100
167	18.15705035	2	8	100
168	18.15705035	2	8	100
169	18.15705035	2	8	100
170	18.15705035	2	8	100
171	18.15705035	2	8	100
172	18.15705035	2	8	100
173	18.15705035	2	8	100
174	18.15705035	2	8	100
175	18.15705035	2	8	100
176	18.15705035	2	8	100
177	18.15705035	2	8	100
178	18.15705035	2	8	100
179	18.15705035	2	8	100
180	18.15705035	2	8	100
181	18.15705035	2	8	100
182	18.15705035	2	8	100
183	18.15705035	2	8	100
184	18.15705035	2	8	100
185	18.15705035	2	8	100
186	18.15705035	2	8	100
187	18.15705035	2	8	100
188	18.15705035	2	8	100
189	18.15705035	2	8	100
190	18.15705035	2	8	100
191	18.15705035	2	8	100
192	18.15705035	2	8	100
193	18.15705035	2	8	100
194	18.15705035	2	8	100
195	18.15705035	2	8	100
196	18.15705035	2	8	100
197	18.15705035	2	8	100
198	18.15705035	2	8	100
199	18.15705035	2	8	100
200	18.15705035	2	8	100
201	18.15705035	2	8	100
202	18.15705035	2	8	100
203	18.15705035	2	8	100
204	18.15705035	2	8	100
205	18.15705035	2	8	100
206	18.15705035	2	8	100
207	18.15705035	2	8	100
208	18.15705035	2	8	100
209	18.15705035	2	8	100
210	18.15705035	2	8	100
211	18.15705035	2	8	100
212	18.15705035	2	8	100
213	18.15705035	2	8	100
214	18.15705035	2	8	100
215	18.15705035	2	8	100
216	18.15705035	2	8	100
217	18.15705035	2	8	100
218	18.15705035	2	8	100
219	18.15705035	2	8	100
220	18.15705035	2	8	100
221	18.15705035	2	8	100
222	18.15705035	2	8	100
223	18.15705035	2	8	100
224	18.15705035	2	8	100
225	18.15705035	2	8	100
226	18.15705035	2	8	100
227	18.15705035	2	8	100
228	18.15705035	2	8	100
229	18.15705035	2	8	100
230	18.15705035	2	8	100
231	18.15705035	2	8	100
232	18.15705035	2	8	100
233	18.15705035	2	8	100
234	18.15705035	2	8	100
235	18.15705035	2	8	100
236	18.15705035	2	8	100
237	18.15705035	2	8	100
238	18.15705035	2	8	100
239	18.15705035	2	8	100
240	18.15705035	2	8	100
241	18.15705035	2	8	100
242	18.15705035	2	8	100
243	18.15705035	2	8	100
244	18.15705035	2	8	100
245	18.15705035	2	8	100
246	18.15705035	2	8	100
247	18.15705035	2	8	100
248	18.15705035	2	8	100
249	18.15705035	2	8	100
250	18.15705035	2	8	100
251	18.15705035	2	8	100
252	18.15705035	2	8	100
253	18.15705035	2	8	100
254	18.15705035	2	8	100
255	18.15705035	2	8	100
256	18.15705035	2	8	100
257	18.15705035	2	8	100
258	18.15705035	2	8	100
259	18.15705035	2	8	100
260	18.15705035	2	8	100
261	18.15705035	2	8	100
262	18.15705035	2	8	100
263	18.15705035	2	8	100
264	18.15705035	2	8	100
265	18.15705035	2	8	100
266	18.15705035	2	8	100
267	18.15705035	2	8	100
268	18.15705035	2	8	100
269	18.15705035	2	8	100
270	18.15705035	2	8	100
271	18.15705035	2	8	100
272	18.15705035	2	8	100
273	18.15705035	2	8	100
274	18.15705035	2	8	100
275	18.15705035	2	8	100
276	18.15705035	2	8	100
277	18.15705035	2	8	100
278	18.15705035	2	8	100
279	18.15705035	2	8	100
280	18.15705035	2	8	100
281	18.15705035	2	8	100
282	18.15705035	2	8	100
283	18.15705035	2	8	100
284	18.15705035	2	8	100
285	18.15705035	2	8	100
286	18.15705035	2	8	100
287	18.15705035	2	8	100
288	18.15705035	2	8	100
289	18.15705035	2	8	100
290	18.15705035	2	8	100
291	18.15705035	2	8	100
292	18.15705035	2	8	100
293	18.15705035	2	8	100
294	18.15705035	2	8	100
295	18.15705035	2	8	100
296	18.15705035	2	8	100
297	18.15705035	2	8	100
298	18.15705035	2	8	100
299	18.15705035	2	8	100
300	18.15705035	2	8	100
301	18.15705035	2	8	100
302	18.15705035	2	8	100
303	18.15705035	2	8	100
304	18.15705035	2	8	100
305	18.15705035	2	8	100
306	18.15705035	2	8	100
307	18.15705035	2	8	100
308	18.15705035	2	8	100
309	18.15705035	2	8	100
310	18.15705035	2	8	100
311	18.15705035	2	8	100
312	18.15705035	2	8	100
313	18.15705035	2	8	100
314	18.15705035	2	8	100
315	18.15705035	2	8	100
316	18.15705035	2	8	100
317	18.15705035	2	8	100
318	18.15705035	2	8	100
319	18.15705035	2	8	100
320	18.15705035	2	8	100
321	18.15705035	2	8	100
322	18.15705035	2	8	100
323	18.15705035	2	8	100
324	18.15705035	2	8	100
325	18.15705035	2	8	100
326	18.15705035	2	8	100
327	18.15705035	2	8	100
328	18.15705035	2	8	100
329	18.15705035	2	8	100
330	18.15705035	2	8	100
331	18.15705035	2	8	100
332	18.15705035	2	8	100
333	18.15705035	2	8	100
334	18.15705035	2	8	100
335	18.15705035	2	8	100
336	18.15705035	2	8	100
337	18.15705035	2	8	100
338	18.15705035	2	8	100
339	18.15705035	2	8	100
340	18.15705035	2	8	100
341	18.15705035	2	8	100
342	18.15705035	2	8	100
343	18.15705035	2	8	100
344	18.15705035	2	8	100
345	18.15705035	2	8	100
346	18.15705035	2	8	100
347	18.15705035	2	8	100
348	18.15705035	2	8	100
349	18.15705035	2	8	100
350	18.15705035	2	8	100
351	18.15705035	2	8	100
352	18.15705035	2	8	100
353	18.15705035	2	8	100
354	18.15705035	2	8	100
355	18.15705035	2	8	100
356	18.15705035	2	8	100
357	18.15705035	2	8	100
358	18.15705035	2	8	100
359	18.15705035	2	8	100
360	18.15705035	2	8	100
361	18.15705035	2	8	100
362	18.15705035	2	8	100
363	18.15705035	2	8	100
364	18.15705035	2	8	100
365	18.15705035	2	8	100
366	18.15705035	2	8	100
367	18.15705035	2	8	100
368	18.15705035	2	8	100
369	18.15705035	2	8	100
370	18.15705035	2	8	100
371	18.15705035	2	8	100
372	18.15705035	2	8	100
373	18.15705035	2	8	100
374	18.15705035	2	8	100
375	18.15705035	2	8	100
376	18.15705035	2	8	100
377	18.15705035	2	8	100
378	18.15705035	2	8	100
379	18.15705035	2	8	100
380	18.15705035	2	8	100
381	18.15705035	2	8	100
382	18.15705035	2	8	100
383	18.15705035	2	8	100
384	18.15705035	2	8	100
385	18.15705035	2	8	100
386	18.15705035	2	8	100
387	18.15705035	2	8	100
388	18.15705035	2	8	100
389	18.15705035	2	8	100
390	18.15705035	2	8	100
391	18.15705035	2	8	100
392	18.15705035	2	8	100
393	18.15705035	2	8	100
394	18.15705035	2	8	100
395	18.15705035	2	8	100
396	18.15705035	2	8	100
397	18.15705035	2	8	100
398	18.15705035	2	8	100
399	18.15705035	2	8	100
400	18.15705035	2	8	100
401	18.15705035	2	8	100
402	18.15705035	2	8	100
403	18.15705035	2	8	100
404	18.15705035	2	8	100
405	18.15705035	2	8	100
